{
 "cells": [
  {
   "cell_type": "code",
   "execution_count": 72,
   "metadata": {},
   "outputs": [],
   "source": [
    "import numpy as np\n",
    "import pandas as pd\n",
    "import pickle as pickle\n",
    "import matplotlib.pyplot as plt\n",
    "import matplotlib\n",
    "\n",
    "def rational_to_double(rat):\n",
    "    \"\"\" Takes a string of typ 4/4 or 4 and returns the corresponding float\"\"\"\n",
    "    tmp = rat.split(\"/\")\n",
    "    if len(tmp) > 1:\n",
    "        num = float(tmp[0])\n",
    "        den = float(tmp[1])\n",
    "        return num/den\n",
    "    else:\n",
    "        return float(tmp[0])\n",
    "\n",
    "def string_to_list(lista):\n",
    "    \"\"\" Takes a string of rationals on format 1/2 and returns a list of floats \"\"\"\n",
    "    splitted = lista.split()\n",
    "    return [rational_to_double(x) for x in splitted]\n",
    "\n",
    "def get_payoff_mats(payoffs, p1_n_strats):\n",
    "    \"\"\" Takes a string of payoffs and return an array with the two payoff mats \"\"\"\n",
    "    payoff_list = [int(x) for x in payoffs.split()]\n",
    "    p2_n_strats = int(len(payoff_list)/(2*p1_n_strats))\n",
    "\n",
    "    p1_payoffs = np.array([payoff_list[i] for i in range(0,len(payoff_list)) if i % 2 == 0])\n",
    "    p2_payoffs = np.array([payoff_list[i] for i in range(0,len(payoff_list)) if (i+1) % 2 == 0])\n",
    "\n",
    "    p1_payoff_mat = np.reshape(p1_payoffs, (p1_n_strats, p2_n_strats))\n",
    "    p2_payoff_mat = np.reshape(p2_payoffs, (p2_n_strats, p1_n_strats), order='F')\n",
    "\n",
    "    return [p1_payoff_mat, p2_payoff_mat]\n",
    "\n",
    "\n",
    "all_choices = pd.read_csv(\"../DATA_2018-11-19/choice.csv\")\n",
    "all_players = pd.read_csv(\"../DATA_2018-11-19/player.csv\")\n",
    "all_games = pd.read_csv(\"../DATA_2018-11-19/game.csv\")\n",
    "all_payoffs = pd.read_csv(\"../DATA_2018-11-19/payoff.csv\")\n",
    "all_pasts = pd.read_csv(\"../DATA_2018-11-19/past.csv\")\n",
    "all_gameplays = pd.read_csv(\"../DATA_2018-11-19/gameplay.csv\")"
   ]
  },
  {
   "cell_type": "code",
   "execution_count": 73,
   "metadata": {},
   "outputs": [],
   "source": [
    "\n",
    "all_choices[\"strats\"] = all_choices[\"strats\"].apply(string_to_list)\n",
    "all_payoffs[\"payoff\"] = all_payoffs[\"payoff\"].apply(rational_to_double)\n",
    "all_pasts[\"currentsp1\"] = all_pasts[\"currentsp1\"].apply(string_to_list)\n",
    "all_pasts[\"currentsp2\"] = all_pasts[\"currentsp2\"].apply(string_to_list)\n",
    "all_games[\"payoffs\"] = all_games.apply(lambda row: get_payoff_mats(row[\"payoffs\"], row[\"p1\"]), axis=1)"
   ]
  },
  {
   "cell_type": "code",
   "execution_count": 74,
   "metadata": {},
   "outputs": [
    {
     "name": "stderr",
     "output_type": "stream",
     "text": [
      "/home/gustav/anaconda3/lib/python3.6/site-packages/ipykernel_launcher.py:22: SettingWithCopyWarning: \n",
      "A value is trying to be set on a copy of a slice from a DataFrame\n",
      "\n",
      "See the caveats in the documentation: http://pandas.pydata.org/pandas-docs/stable/indexing.html#indexing-view-versus-copy\n",
      "/home/gustav/anaconda3/lib/python3.6/site-packages/ipykernel_launcher.py:23: SettingWithCopyWarning: \n",
      "A value is trying to be set on a copy of a slice from a DataFrame\n",
      "\n",
      "See the caveats in the documentation: http://pandas.pydata.org/pandas-docs/stable/indexing.html#indexing-view-versus-copy\n"
     ]
    }
   ],
   "source": [
    "\n",
    "init_strats_dict = dict()\n",
    "init_p1_dict = dict()\n",
    "init_p2_dict = dict()\n",
    "payoffs_dict = dict()\n",
    "role_dict = dict()\n",
    "id_dict = dict()\n",
    "actual_plays_dict = dict()\n",
    "gid = 1\n",
    "for gid in range(1,4):\n",
    "    strats = all_choices[[\"strats\", \"playerid\"]][(all_choices[\"round\"] == 0) & (all_choices[\"gameid\"] == gid)].copy()\n",
    "    roles = all_players[[\"id\", \"role\"]].copy()\n",
    "    roles[\"playerid\"] = roles[\"id\"]\n",
    "    pasts = all_pasts[[\"currentsp1\", \"currentsp2\", \"gameid\"]][(all_pasts[\"round\"] == 0) & (all_pasts[\"gameid\"] == gid)].copy()\n",
    "\n",
    "    init_p1 = all_pasts[\"currentsp1\"][(all_pasts[\"round\"] == 0) & (all_pasts[\"gameid\"] == gid)].copy()\n",
    "    init_p2 = all_pasts[\"currentsp2\"][(all_pasts[\"round\"] == 0) & (all_pasts[\"gameid\"] == gid)].copy()\n",
    "\n",
    "    data_mat = strats.set_index(\"playerid\").join(roles.set_index(\"id\"), how='outer').copy()\n",
    "\n",
    "    # # Replace NaN with role average \n",
    "    data_mat[\"strats\"][(data_mat[\"role\"] == 0) & pd.isnull(data_mat[\"strats\"])] = np.repeat(np.array(init_p1), sum((data_mat[\"role\"] == 0) & pd.isnull(data_mat[\"strats\"])))\n",
    "    data_mat[\"strats\"][(data_mat[\"role\"] == 1) & pd.isnull(data_mat[\"strats\"])] = np.repeat(np.array(init_p2), sum((data_mat[\"role\"] == 1) & pd.isnull(data_mat[\"strats\"])))\n",
    "\n",
    "    plays_vec = [np.array(all_pasts[\"currentsp1\"][all_pasts[\"gameid\"] == gid]), np.array(all_pasts[\"currentsp2\"][all_pasts[\"gameid\"] == gid])]\n",
    "    plays_vec[0] = np.array([np.array(v) for v in plays_vec[0]])\n",
    "    plays_vec[1] = np.array([np.array(v) for v in plays_vec[1]])\n",
    "\n",
    "    init_strats_dict[gid] = np.array(data_mat[\"strats\"])\n",
    "    init_p1_dict[gid] = init_p1\n",
    "    init_p2_dict[gid] = init_p2\n",
    "    payoffs_dict[gid] = all_games[\"payoffs\"][all_games[\"id\"]==gid]\n",
    "    role_dict[gid] = np.array(data_mat[\"role\"].copy())\n",
    "    id_dict[gid] = np.array(data_mat[\"playerid\"].copy())\n",
    "    actual_plays_dict[gid] = plays_vec\n"
   ]
  },
  {
   "cell_type": "code",
   "execution_count": 75,
   "metadata": {},
   "outputs": [],
   "source": [
    "\n",
    "save_dict = {\"init_strats_dict\": init_strats_dict, \"init_p1_dict\":init_p1_dict, \n",
    "\"init_p2_dict\": init_p2_dict, \"payoffs_dict\":payoffs_dict, \n",
    "\"role_dict\":role_dict, \"id_dict\":id_dict, \"actual_plays_dict\":actual_plays_dict}\n",
    "\n",
    "## Save dictionary \n",
    "\n",
    "with open('data_dicts.pkl', 'wb') as output:\n",
    "    pickle.dump(save_dict, output, pickle.HIGHEST_PROTOCOL)\n"
   ]
  },
  {
   "cell_type": "code",
   "execution_count": 76,
   "metadata": {},
   "outputs": [],
   "source": [
    "with open('data_dicts.pkl', 'rb') as input: \n",
    "    load_dict = pickle.load(input)\n",
    "    init_strats_dict = load_dict[\"init_strats_dict\"]\n",
    "    init_p1_dict = load_dict[\"init_p1_dict\"]\n",
    "    init_p2_dict = load_dict[\"init_p2_dict\"]\n",
    "    payoffs_dict = load_dict[\"payoffs_dict\"]\n",
    "    role_dict = load_dict[\"role_dict\"]\n",
    "    id_dict = load_dict[\"id_dict\"]\n",
    "    actual_plays_dict = load_dict[\"actual_plays_dict\"]"
   ]
  },
  {
   "cell_type": "code",
   "execution_count": 77,
   "metadata": {},
   "outputs": [
    {
     "data": {
      "text/plain": [
       "{1: [array([[0.16666667, 0.33333333, 0.5       ],\n",
       "         [0.1       , 0.62857143, 0.27142857],\n",
       "         [0.35714286, 0.28571429, 0.35714286],\n",
       "         [0.        , 0.5625    , 0.4375    ],\n",
       "         [0.        , 0.5625    , 0.4375    ],\n",
       "         [0.1       , 0.15      , 0.75      ],\n",
       "         [0.        , 0.45      , 0.55      ],\n",
       "         [0.04545455, 0.63636364, 0.31818182],\n",
       "         [0.1       , 0.55      , 0.35      ],\n",
       "         [0.08333333, 0.5       , 0.41666667],\n",
       "         [0.06153846, 0.48461538, 0.45384615],\n",
       "         [0.12564103, 0.39487179, 0.47948718],\n",
       "         [0.08095238, 0.50952381, 0.40952381],\n",
       "         [0.07555556, 0.47555556, 0.44888889],\n",
       "         [0.09285714, 0.41428571, 0.49285714],\n",
       "         [0.07555556, 0.54222222, 0.38222222],\n",
       "         [0.12857143, 0.52142857, 0.35      ],\n",
       "         [0.03333333, 0.6       , 0.36666667],\n",
       "         [0.08666667, 0.55333333, 0.36      ],\n",
       "         [0.08125   , 0.55      , 0.36875   ],\n",
       "         [0.08095238, 0.47380952, 0.4452381 ],\n",
       "         [0.025     , 0.54375   , 0.43125   ],\n",
       "         [0.08125   , 0.51875   , 0.4       ],\n",
       "         [0.07294118, 0.53705882, 0.39      ],\n",
       "         [0.14375   , 0.45625   , 0.4       ],\n",
       "         [0.05555556, 0.45555556, 0.48888889],\n",
       "         [0.16470588, 0.54705882, 0.28823529],\n",
       "         [0.1       , 0.43333333, 0.46666667],\n",
       "         [0.06842105, 0.56315789, 0.36842105],\n",
       "         [0.07894737, 0.66842105, 0.25263158]]),\n",
       "  array([[0.5       , 0.        , 0.5       ],\n",
       "         [0.3875    , 0.2125    , 0.4       ],\n",
       "         [0.18055556, 0.51111111, 0.30833333],\n",
       "         [0.26333333, 0.34666667, 0.39      ],\n",
       "         [0.16619048, 0.3947619 , 0.43904762],\n",
       "         [0.20375   , 0.3675    , 0.42875   ],\n",
       "         [0.33861111, 0.43861111, 0.22277778],\n",
       "         [0.303     , 0.523     , 0.174     ],\n",
       "         [0.12090909, 0.36727273, 0.51181818],\n",
       "         [0.18545455, 0.51181818, 0.30272727],\n",
       "         [0.18809524, 0.37380952, 0.43809524],\n",
       "         [0.182     , 0.44933333, 0.36866667],\n",
       "         [0.23785714, 0.33857143, 0.42357143],\n",
       "         [0.19230769, 0.39615385, 0.41153846],\n",
       "         [0.13888889, 0.42222222, 0.43888889],\n",
       "         [0.17270833, 0.43583333, 0.39145833],\n",
       "         [0.16222222, 0.32222222, 0.51555556],\n",
       "         [0.21355556, 0.46022222, 0.32622222],\n",
       "         [0.23791667, 0.33104167, 0.43104167],\n",
       "         [0.17537037, 0.44425926, 0.38037037],\n",
       "         [0.26425926, 0.37481481, 0.36092593],\n",
       "         [0.18796296, 0.38240741, 0.42962963],\n",
       "         [0.20185185, 0.47962963, 0.31851852],\n",
       "         [0.22941176, 0.35882353, 0.41176471],\n",
       "         [0.14941176, 0.46058824, 0.39      ],\n",
       "         [0.2722807 , 0.35070175, 0.37701754],\n",
       "         [0.17368421, 0.44736842, 0.37894737],\n",
       "         [0.25421053, 0.44421053, 0.30157895],\n",
       "         [0.25964912, 0.3754386 , 0.36491228],\n",
       "         [0.23684211, 0.36842105, 0.39473684]])],\n",
       " 2: [array([[0.        , 0.        , 0.        , 0.5       , 0.5       ],\n",
       "         [0.        , 0.        , 0.02857143, 0.4       , 0.57142857],\n",
       "         [0.        , 0.        , 0.        , 0.21428571, 0.78571429],\n",
       "         [0.        , 0.        , 0.        , 0.375     , 0.625     ],\n",
       "         [0.        , 0.        , 0.        , 0.25      , 0.75      ],\n",
       "         [0.        , 0.        , 0.1       , 0.35      , 0.55      ],\n",
       "         [0.        , 0.        , 0.        , 0.3       , 0.7       ],\n",
       "         [0.        , 0.09090909, 0.        , 0.5       , 0.40909091],\n",
       "         [0.        , 0.        , 0.        , 0.45      , 0.55      ],\n",
       "         [0.        , 0.        , 0.08333333, 0.58333333, 0.33333333],\n",
       "         [0.01538462, 0.01538462, 0.13076923, 0.47692308, 0.36153846],\n",
       "         [0.        , 0.        , 0.16410256, 0.47179487, 0.36410256],\n",
       "         [0.        , 0.        , 0.03809524, 0.3452381 , 0.61666667],\n",
       "         [0.        , 0.        , 0.06      , 0.48666667, 0.45333333],\n",
       "         [0.        , 0.        , 0.05714286, 0.56428571, 0.37857143],\n",
       "         [0.        , 0.        , 0.10888889, 0.48222222, 0.40888889],\n",
       "         [0.        , 0.        , 0.12857143, 0.45714286, 0.41428571],\n",
       "         [0.        , 0.        , 0.08888889, 0.48888889, 0.42222222],\n",
       "         [0.        , 0.        , 0.05888889, 0.49888889, 0.44222222],\n",
       "         [0.        , 0.        , 0.05      , 0.49375   , 0.45625   ],\n",
       "         [0.        , 0.        , 0.08095238, 0.50952381, 0.40952381],\n",
       "         [0.        , 0.        , 0.09375   , 0.53125   , 0.375     ],\n",
       "         [0.        , 0.        , 0.10208333, 0.53958333, 0.35833333],\n",
       "         [0.01176471, 0.        , 0.21372549, 0.44901961, 0.3254902 ],\n",
       "         [0.        , 0.        , 0.159375  , 0.478125  , 0.3625    ],\n",
       "         [0.        , 0.        , 0.1       , 0.52222222, 0.37777778],\n",
       "         [0.        , 0.        , 0.09117647, 0.45      , 0.45882353],\n",
       "         [0.00555556, 0.        , 0.12407407, 0.47962963, 0.39074074],\n",
       "         [0.        , 0.        , 0.05087719, 0.41929825, 0.52982456],\n",
       "         [0.        , 0.        , 0.07192982, 0.51929825, 0.40877193]]),\n",
       "  array([[0.        , 0.25      , 0.25      , 0.        , 0.5       ],\n",
       "         [0.3       , 0.05      , 0.175     , 0.45      , 0.025     ],\n",
       "         [0.03333333, 0.06666667, 0.28333333, 0.375     , 0.24166667],\n",
       "         [0.03333333, 0.075     , 0.15833333, 0.43611111, 0.29722222],\n",
       "         [0.05714286, 0.2       , 0.18571429, 0.38571429, 0.17142857],\n",
       "         [0.125     , 0.15      , 0.15      , 0.3125    , 0.2625    ],\n",
       "         [0.05833333, 0.03333333, 0.225     , 0.45833333, 0.225     ],\n",
       "         [0.045     , 0.065     , 0.16      , 0.505     , 0.225     ],\n",
       "         [0.04545455, 0.06363636, 0.38181818, 0.35454545, 0.15454545],\n",
       "         [0.01818182, 0.10909091, 0.22272727, 0.52272727, 0.12727273],\n",
       "         [0.03571429, 0.02142857, 0.20714286, 0.43571429, 0.3       ],\n",
       "         [0.08      , 0.04666667, 0.26222222, 0.29555556, 0.31555556],\n",
       "         [0.01428571, 0.01428571, 0.27857143, 0.41428571, 0.27857143],\n",
       "         [0.        , 0.        , 0.25641026, 0.52564103, 0.21794872],\n",
       "         [0.01666667, 0.        , 0.29888889, 0.43555556, 0.24888889],\n",
       "         [0.071875  , 0.025     , 0.27083333, 0.35208333, 0.28020833],\n",
       "         [0.04666667, 0.02666667, 0.25222222, 0.37222222, 0.30222222],\n",
       "         [0.02666667, 0.09333333, 0.29555556, 0.33555556, 0.24888889],\n",
       "         [0.04583333, 0.025     , 0.16458333, 0.52083333, 0.24375   ],\n",
       "         [0.06296296, 0.1       , 0.12592593, 0.5037037 , 0.20740741],\n",
       "         [0.03888889, 0.08888889, 0.12592593, 0.44814815, 0.29814815],\n",
       "         [0.02222222, 0.07777778, 0.21851852, 0.43518519, 0.2462963 ],\n",
       "         [0.02962963, 0.06666667, 0.22407407, 0.45740741, 0.22222222],\n",
       "         [0.08823529, 0.03235294, 0.17058824, 0.46470588, 0.24411765],\n",
       "         [0.09411765, 0.03529412, 0.24117647, 0.40588235, 0.22352941],\n",
       "         [0.05438596, 0.11052632, 0.27192982, 0.37719298, 0.18596491],\n",
       "         [0.07631579, 0.06315789, 0.26140351, 0.40877193, 0.19035088],\n",
       "         [0.03157895, 0.03157895, 0.37017544, 0.2754386 , 0.29122807],\n",
       "         [0.02894737, 0.07631579, 0.25087719, 0.4245614 , 0.21929825],\n",
       "         [0.02631579, 0.01052632, 0.33859649, 0.42280702, 0.20175439]])],\n",
       " 3: [array([[0.16666667, 0.5       , 0.        , 0.33333333],\n",
       "         [0.25714286, 0.41428571, 0.14285714, 0.18571429],\n",
       "         [0.21428571, 0.28571429, 0.28571429, 0.21428571],\n",
       "         [0.1875    , 0.3125    , 0.375     , 0.125     ],\n",
       "         [0.0625    , 0.4375    , 0.375     , 0.125     ],\n",
       "         [0.05      , 0.67      , 0.28      , 0.        ],\n",
       "         [0.05      , 0.55      , 0.4       , 0.        ],\n",
       "         [0.13636364, 0.40909091, 0.45454545, 0.        ],\n",
       "         [0.1       , 0.45      , 0.45      , 0.        ],\n",
       "         [0.04166667, 0.58333333, 0.375     , 0.        ],\n",
       "         [0.04615385, 0.41538462, 0.45384615, 0.08461538],\n",
       "         [0.07692308, 0.46153846, 0.46153846, 0.        ],\n",
       "         [0.10714286, 0.39285714, 0.42857143, 0.07142857],\n",
       "         [0.1       , 0.46666667, 0.43333333, 0.        ],\n",
       "         [0.03571429, 0.48571429, 0.47857143, 0.        ],\n",
       "         [0.06666667, 0.46666667, 0.43333333, 0.03333333],\n",
       "         [0.05952381, 0.43809524, 0.47857143, 0.02380952],\n",
       "         [0.2       , 0.4       , 0.36666667, 0.03333333],\n",
       "         [0.2       , 0.4       , 0.36666667, 0.03333333],\n",
       "         [0.15625   , 0.4375    , 0.40625   , 0.        ],\n",
       "         [0.10714286, 0.44642857, 0.41071429, 0.03571429],\n",
       "         [0.09375   , 0.49375   , 0.38125   , 0.03125   ],\n",
       "         [0.15625   , 0.40625   , 0.40625   , 0.03125   ],\n",
       "         [0.14705882, 0.44117647, 0.38235294, 0.02941176],\n",
       "         [0.09375   , 0.5       , 0.375     , 0.03125   ],\n",
       "         [0.14351852, 0.40185185, 0.42222222, 0.03240741],\n",
       "         [0.08823529, 0.41176471, 0.5       , 0.        ],\n",
       "         [0.08333333, 0.36111111, 0.47222222, 0.08333333],\n",
       "         [0.10526316, 0.41578947, 0.34210526, 0.13684211],\n",
       "         [0.05263158, 0.39912281, 0.38596491, 0.1622807 ]]),\n",
       "  array([[0.125     , 0.25      , 0.625     ],\n",
       "         [0.1325    , 0.6075    , 0.26      ],\n",
       "         [0.16666667, 0.625     , 0.20833333],\n",
       "         [0.28333333, 0.625     , 0.09166667],\n",
       "         [0.23333333, 0.49761905, 0.26904762],\n",
       "         [0.14541667, 0.57041667, 0.28416667],\n",
       "         [0.20333333, 0.6775    , 0.11916667],\n",
       "         [0.213     , 0.574     , 0.213     ],\n",
       "         [0.14909091, 0.69363636, 0.15727273],\n",
       "         [0.04818182, 0.88545455, 0.06636364],\n",
       "         [0.10714286, 0.75      , 0.14285714],\n",
       "         [0.116     , 0.71533333, 0.16866667],\n",
       "         [0.07071429, 0.71642857, 0.21285714],\n",
       "         [0.14102564, 0.7025641 , 0.15641026],\n",
       "         [0.09555556, 0.74888889, 0.15555556],\n",
       "         [0.12958333, 0.64770833, 0.22270833],\n",
       "         [0.08888889, 0.64222222, 0.26888889],\n",
       "         [0.15155556, 0.61422222, 0.23422222],\n",
       "         [0.09770833, 0.72958333, 0.17270833],\n",
       "         [0.1887037 , 0.58925926, 0.22203704],\n",
       "         [0.17537037, 0.52203704, 0.30259259],\n",
       "         [0.08796296, 0.64351852, 0.26851852],\n",
       "         [0.10740741, 0.64074074, 0.25185185],\n",
       "         [0.08823529, 0.65882353, 0.25294118],\n",
       "         [0.01941176, 0.75529412, 0.22529412],\n",
       "         [0.0354386 , 0.82964912, 0.13491228],\n",
       "         [0.10526316, 0.63157895, 0.26315789],\n",
       "         [0.13403509, 0.72666667, 0.13929825],\n",
       "         [0.0745614 , 0.74561404, 0.17982456],\n",
       "         [0.05877193, 0.78245614, 0.15877193]])]}"
      ]
     },
     "execution_count": 77,
     "metadata": {},
     "output_type": "execute_result"
    }
   ],
   "source": [
    "actual_plays_dict"
   ]
  },
  {
   "cell_type": "markdown",
   "metadata": {},
   "source": [
    "## Plotting stuff"
   ]
  },
  {
   "cell_type": "code",
   "execution_count": 84,
   "metadata": {},
   "outputs": [
    {
     "data": {
      "text/plain": [
       "array([[0.16666667, 0.33333333, 0.5       ],\n",
       "       [0.1       , 0.62857143, 0.27142857],\n",
       "       [0.35714286, 0.28571429, 0.35714286],\n",
       "       [0.        , 0.5625    , 0.4375    ],\n",
       "       [0.        , 0.5625    , 0.4375    ],\n",
       "       [0.1       , 0.15      , 0.75      ],\n",
       "       [0.        , 0.45      , 0.55      ],\n",
       "       [0.04545455, 0.63636364, 0.31818182],\n",
       "       [0.1       , 0.55      , 0.35      ],\n",
       "       [0.08333333, 0.5       , 0.41666667],\n",
       "       [0.06153846, 0.48461538, 0.45384615],\n",
       "       [0.12564103, 0.39487179, 0.47948718],\n",
       "       [0.08095238, 0.50952381, 0.40952381],\n",
       "       [0.07555556, 0.47555556, 0.44888889],\n",
       "       [0.09285714, 0.41428571, 0.49285714],\n",
       "       [0.07555556, 0.54222222, 0.38222222],\n",
       "       [0.12857143, 0.52142857, 0.35      ],\n",
       "       [0.03333333, 0.6       , 0.36666667],\n",
       "       [0.08666667, 0.55333333, 0.36      ],\n",
       "       [0.08125   , 0.55      , 0.36875   ],\n",
       "       [0.08095238, 0.47380952, 0.4452381 ],\n",
       "       [0.025     , 0.54375   , 0.43125   ],\n",
       "       [0.08125   , 0.51875   , 0.4       ],\n",
       "       [0.07294118, 0.53705882, 0.39      ],\n",
       "       [0.14375   , 0.45625   , 0.4       ],\n",
       "       [0.05555556, 0.45555556, 0.48888889],\n",
       "       [0.16470588, 0.54705882, 0.28823529],\n",
       "       [0.1       , 0.43333333, 0.46666667],\n",
       "       [0.06842105, 0.56315789, 0.36842105],\n",
       "       [0.07894737, 0.66842105, 0.25263158]])"
      ]
     },
     "execution_count": 84,
     "metadata": {},
     "output_type": "execute_result"
    }
   ],
   "source": [
    "actual_plays_dict[1][0]"
   ]
  },
  {
   "cell_type": "code",
   "execution_count": 88,
   "metadata": {},
   "outputs": [
    {
     "name": "stdout",
     "output_type": "stream",
     "text": [
      "(4,)\n",
      "(3,)\n"
     ]
    }
   ],
   "source": [
    "rgb_cols = [(228/255, 26/255, 28/255), (55/255, 126/255, 184/255), (77/255, 175/255, 74/255), (152/255, 78/255, 163/255), (255/255, 127/255, 0/255)]\n",
    "# ['rgb(228,26,28)','rgb(55,126,184)','rgb(77,175,74)','rgb(152,78,163)','rgb(255,127,0)']\n",
    "matplotlib.colors.is_color_like(rgb_cols[0])\n",
    "\n",
    "\n",
    "def plot_h(h, save=False):\n",
    "    plt.figure(figsize=(24,8))\n",
    "    for role in range(2):\n",
    "        ax = plt.subplot(1,2,(role + 1))\n",
    "        ax.set_ylim([-0.01,1.01])\n",
    "        ax.set_yticks([0,0.25,0.5,0.75,1])\n",
    "        print(h[role][1].shape)\n",
    "        n_s = h[role].shape[1]\n",
    "        for s in range(n_s):\n",
    "            plt.plot(h[role][:,s], color=rgb_cols[s], ls=\"-\", label=\"Strat \"+str(s))\n",
    "        ax.legend()\n",
    "    if save:\n",
    "        plt.savefig(save, bbox_inches=\"tight\")\n",
    "        plt.close()\n",
    "    else:\n",
    "        plt.show()\n",
    "\n",
    "plot_h(actual_plays_dict[3], \"game3.png\")\n",
    "\n",
    "# def plot_h_vec(h_vec, save=False):\n",
    "#     plt.figure(figsize=(24,4*7))\n",
    "#     for i in range(len(h_vec)):    \n",
    "#         h = h_vec[i]\n",
    "#         for role in range(2):\n",
    "#             ax = plt.subplot(len(h_vec),2,(role + 1) + i*2)\n",
    "#             ax.set_ylim([-0.01,1.01])\n",
    "#             ax.set_yticks([0,0.25,0.5,0.75,1])\n",
    "#             n_s = h[role].shape[1]\n",
    "#             for s in range(n_s):\n",
    "#                 plt.plot(h[role][:,s], color=rgb_cols[s], ls=\"-\", label=\"Strat \"+str(s+1))\n",
    "#             ax.legend(loc=\"upper center\", ncol=n_s, bbox_to_anchor=(0.5, 1.1), fancybox=True, fontsize=\"medium\")\n",
    "#     if save:\n",
    "#         plt.savefig(save, bbox_inches='tight')\n",
    "#         plt.close()\n",
    "#     else:\n",
    "#         plt.show()\n",
    "        \n",
    "    \n",
    "# def get_all_pop_gid(gid, actual_plays):\n",
    "#     return [actual[gid] for key,actual in actual_plays.items()]\n",
    "\n",
    "# plot_h_vec(get_all_pop_gid(1,actual_plays_dict))\n",
    "\n",
    "# for gid in range(1,4):\n",
    "#     plot_h_vec(get_all_pop_gid(gid, actual_plays_dict), save=\"fig/Game_\"+str(gid)+\".png\")\n",
    "\n"
   ]
  },
  {
   "cell_type": "code",
   "execution_count": 131,
   "metadata": {},
   "outputs": [
    {
     "ename": "SyntaxError",
     "evalue": "invalid syntax (<ipython-input-131-56cf4ee5ced8>, line 2)",
     "output_type": "error",
     "traceback": [
      "\u001b[0;36m  File \u001b[0;32m\"<ipython-input-131-56cf4ee5ced8>\"\u001b[0;36m, line \u001b[0;32m2\u001b[0m\n\u001b[0;31m    for pid in\u001b[0m\n\u001b[0m               ^\u001b[0m\n\u001b[0;31mSyntaxError\u001b[0m\u001b[0;31m:\u001b[0m invalid syntax\n"
     ]
    }
   ],
   "source": [
    "same_plays = Dict()\n",
    "for pid in pd.Series.unique(all_choices.playerid):\n",
    "    for gid in range(1,4):\n",
    "        choices = all_choices[((all_choices.playerid == 55) & (all_choices.gameid == 2))]\n",
    "        "
   ]
  },
  {
   "cell_type": "code",
   "execution_count": 136,
   "metadata": {},
   "outputs": [
    {
     "data": {
      "text/plain": [
       "array([65, 53, 41, 59, 63, 38, 57, 61, 32, 60, 31, 48, 55, 34, 67, 66, 69,\n",
       "       33, 56, 71, 75, 37, 73, 74, 35, 70, 36, 72, 85, 81, 86, 79, 84, 77,\n",
       "       82, 42, 54, 46, 83, 87, 52, 62, 91, 39, 95])"
      ]
     },
     "execution_count": 136,
     "metadata": {},
     "output_type": "execute_result"
    }
   ],
   "source": [
    "pd.Series.unique(all_choices.playerid)"
   ]
  },
  {
   "cell_type": "code",
   "execution_count": null,
   "metadata": {},
   "outputs": [],
   "source": []
  }
 ],
 "metadata": {
  "@webio": {
   "lastCommId": "95e97cc836a64a5b9823a80be6627971",
   "lastKernelId": "43fad69f-56fb-4acf-8596-dd87aacc92a9"
  },
  "kernelspec": {
   "display_name": "Python 3",
   "language": "python",
   "name": "python3"
  },
  "language_info": {
   "codemirror_mode": {
    "name": "ipython",
    "version": 3
   },
   "file_extension": ".py",
   "mimetype": "text/x-python",
   "name": "python",
   "nbconvert_exporter": "python",
   "pygments_lexer": "ipython3",
   "version": "3.6.5"
  }
 },
 "nbformat": 4,
 "nbformat_minor": 2
}
